2025
2031
2239
2410
2422
2434
2442
2508
6396
6372
6323
6307
6181
6075
6061
5887
4911
4630
4194
4157
3833
3823
3803
3671
3106
9640
9639
9343
9312
8776
8773
8300
8058
7020
6957
6653
6561
14835
14833
14831
14830
14829
14828
14827
14821
14820
14819
14818
14817
14814
14811
14807
14803
14802
14800
14799
14797
14796
14794
14792
14787
14786
14784
14783
14782
14781
14779
14778
14777
14775
14774
14772
14771
14769
14765
14763
14762
14761
14760
14757
14753
14750
14749
14747
14745
14743
14741
14734
14732
14728
14727
14726
14724
14723
14721
14720
14718
14715
14714
14713
14703
14702
14701
14699
14698
14697
14696
14693
14691
14690
14689
14687
14686
14685
14684
14683
14682
14681
14678
14676
14675
14673
14667
14666
14665
14664
14662
14661
14659
14658
14657
14655
14654
14650
14645
14641
14635
14634
14633
14632
14631
14630
14629
14628
14627
14623
14621
14615
14613
14611
14610
14609
14605
14604
14602
14600
14599
14597
14596
14595
14592
14587
14584
14579
14576
14575
14573
14571
14569
14567
14565
14562
14561
14555
14552
14550
14549
14548
14546
14545
14543
14542
14540
14538
14535
14534
14532
14528
14523
14518
14517
14516
14514
14513
14512
14511
14509
14508
14507
14506
14502
14501
14500
14499
14498
14497
14493
14492
14491
14487
14485
14476
14474
14473
14471
14470
14468
14467
14466
14462
14458
14457
14455
14451
14450
14449
14448
14447
14446
14445
14444
14443
14440
14435
14431
14427
14426
14425
14424
14423
14419
14417
14415
14414
14412
14410
14408
14407
14405
14404
14403
14400
14399
14396
14394
14392
14391
14388
14386
14384
14383
14382
14381
14379
14377
14376
14373
14370
14369
14368
14366
14363
14361
14357
14354
14352
14349
14348
14347
14346
14344
14342
14341
14339
14338
14335
14334
14333
14322
14318
14298
14297
14294
14293
14291
14289
14288
14287
14286
14285
14284
14282
14281
14279
14277
14276
14275
14274
14273
14272
14271
14270
14269
14268
14266
14262
14261
14260
14259
14258
14257
14255
14254
14253
14252
14250
14244
14242
14238
14237
14236
14234
14232
14230
14228
14227
14226
14223
14218
14217
14216
14211
14210
14208
14204
14191
14189
14187
14184
14183
14179
14175
14174
14172
14169
14166
14165
14162
14160
14156
14152
14151
14150
14148
14145
14142
14139
14137
14136
14134
14132
14131
14130
14116
14107
14104
14103
14101
14099
14098
14091
14077
14075
14073
14071
14062
14058
14056
14055
14053
14052
14051
14050
14046
14045
14043
14042
14041
14034
14031
14030
14029
14028
14025
14023
14022
14021
14018
14017
14016
14015
14014
14010
14009
14005
14004
14002
14001
14000
13999
13998
13997
13994
13991
13990
13989
13987
13986
13985
13984
13983
13981
13980
13979
13975
13972
13967
13966
13965
13963
13962
13961
13960
13959
13956
13954
13953
13952
13950
13949
13948
13946
13941
13940
13939
13936
13934
13933
13931
13929
13920
13915
13912
13911
13910
13907
13904
13902
13900
13899
13898
13892
13886
13882
13880
13877
13874
13870
13869
13866
13865
13861
13860
13859
13858
13855
13853
13852
13850
13847
13846
13832
13830
13829
13828
13809
13801
13785
13775
13772
13767
13764
13762
13754
13752
13749
13744
13741
13736
13734
13733
13722
13717
13713
13709
13705
13703
13701
13699
13697
13686
13680
13676
13673
13665
13664
13656
13647
13642
13641
13640
13631
13624
13621
13618
13604
13600
13576
13556
13554
13546
13540
13538
13537
13517
13495
13493
13492
13486
13484
13483
13480
13478
13475
13464
13463
13461
13459
13458
13457
13448
13415
13408
13399
13386
13382
13380
13379
13375
13374
13373
13371
13364
13357
13356
13355
13346
13344
13340
13332
13329
13327
13307
13303
13298
13286
13250
13236
13235
13234
13233
13231
13226
13222
13220
13209
13208
13206
13205
13204
13199
13197
13186
13185
13183
13179
13177
13168
13166
13160
13158
13145
13142
13137
13133
13108
13090
13083
13080
13077
13076
13069
13066
13065
13064
13060
13055
13054
13053
13047
13044
13043
13042
13041
13038
13037
13034
13033
13032
13031
13026
13025
13021
13018
13014
13012
13000
12989
12947
12943
12922
12919
12917
12915
12908
12906
12901
12896
12894
12891
12889
12885
12884
12883
12874
12858
12766
12748
12747
12739
12725
12709
12704
12693
12494
12485
12461
12425
12412
12408
12384
12382
12370
12360
12343
12281
12237
12224
12216
12177
12133
12034
11973
11968
11933
11843
11804
11692
11585
11529
11253
11240
11210
11197
11165
11161
11155
11097
11075
11026
10997
10994
10987
10984
10946
10935
10904
10861
10860
10822
10808
10800
10680
10621
10607
10578
10575
10573
10563
10485
10462
10451
10444
10386
10367
10360
10337
10327
10314
10303
10301
10279
10278
10219
10206
10198
10176
10137
10126
10092
10090
10089
10019
10002
9986
9984
9972
9958
18941
18940
18938
18937
18935
18934
18933
18932
18931
18928
18927
18925
18924
18921
18920
18917
18916
18913
18911
18909
18907
18906
18903
18900
18899
18898
18896
18895
18893
18892
18891
18890
18887
18883
18882
18881
18880
18879
18878
18877
18876
18867
18862
18860
18857
18856
18852
18851
18850
18849
18845
18844
18843
18842
18841
18839
18838
18837
18836
18834
18833
18831
18816
18813
18810
18802
18795
18792
18790
18788
18783
18781
18779
18777
18776
18773
18771
18767
18764
18763
18761
18759
18758
18757
18752
18751
18750
18745
18743
18737
18710
18680
18674
18671
18666
18662
18656
18646
18642
18641
18633
18632
18629
18621
18616
18612
18611
18606
18600
18598
18597
18596
18590
18589
18580
18577
18576
18570
18566
18565
18554
18552
18549
18545
18544
18539
18532
18530
18525
18514
18508
18505
18495
18491
18476
18471
18470
18468
18466
18464
18462
18457
18453
18452
18451
18450
18448
18444
18443
18439
18438
18437
18430
18423
18421
18418
18417
18415
18414
18411
18410
18408
18403
18400
18396
18393
18392
18390
18389
18388
18386
18385
18384
18383
18382
18381
18379
18378
18377
18375
18374
18373
18372
18371
18370
18369
18368
18367
18365
18364
18363
18362
18361
18358
18357
18351
18349
18347
18340
18336
18335
18333
18331
18328
18327
18323
18319
18316
18311
18310
18306
18304
18302
18301
18300
18298
18294
18293
18291
18289
18288
18284
18282
18280
18276
18272
18269
18265
18264
18263
18258
18255
18254
18252
18249
18248
18246
18244
18243
18241
18235
18233
18232
18229
18227
18226
18224
18223
18221
18220
18218
18215
18208
18205
18204
18203
18202
18201
18200
18198
18197
18196
18195
18194
18185
18183
18181
18180
18178
18175
18173
18168
18167
18166
18164
18162
18160
18159
18158
18156
18155
18153
18152
18151
18150
18148
18146
18144
18142
18140
18137
18136
18135
18134
18132
18131
18130
18121
18120
18116
18115
18113
18111
18110
18108
18107
18106
18105
18104
18103
18102
18101
18100
18094
18093
18091
18087
18085
18084
18083
18079
18077
18076
18073
18071
18067
18066
18065
18064
18061
18060
18055
18054
18050
18049
18048
18047
18045
18043
18041
18040
18037
18036
18035
18033
18032
18031
18030
18029
18028
18027
18025
18024
18023
18022
18021
18020
18019
18018
18013
18009
18003
18001
17999
17997
17996
17995
17991
17990
17989
17983
17981
17978
17976
17969
17967
17965
17964
17961
17959
17957
17953
17952
17945
17943
17942
17941
17939
17938
17937
17936
17935
17934
17928
17927
17926
17923
17920
17919
17917
17916
17914
17912
17908
17907
17906
17905
17902
17901
17899
17898
17896
17894
17891
17889
17888
17885
17884
17883
17881
17880
17877
17875
17874
17870
17869
17866
17864
17861
17860
17856
17853
17851
17849
17845
17843
17841
17839
17838
17836
17834
17833
17832
17827
17818
17816
17815
17812
17811
17810
17805
17801
17798
17794
17793
17792
17789
17787
17784
17783
17781
17780
17779
17775
17769
17767
17763
17762
17761
17760
17759
17758
17757
17755
17751
17749
17748
17743
17739
17738
17737
17734
17731
17730
17725
17722
17721
17719
17718
17713
17712
17709
17707
17706
17702
17700
17699
17696
17692
17684
17679
17677
17676
17675
17673
17672
17662
17661
17660
17656
17655
17644
17642
17639
17638
17636
17634
17632
17629
17628
17627
17625
17624
17621
17620
17618
17615
17613
17610
17607
17603
17602
17601
17598
17597
17594
17592
17591
17590
17589
17588
17587
17585
17584
17583
17582
17581
17578
17577
17576
17575
17574
17573
17572
17571
17570
17569
17568
17567
17566
17565
17564
17563
17562
17561
17560
17559
17558
17556
17554
17553
17552
17551
17549
17548
17547
17545
17543
17542
17537
17534
17526
17514
17513
17504
17489
17480
17478
17477
17476
17473
17471
17469
17465
17462
17459
17457
17454
17450
17448
17447
17444
17439
17436
17435
17433
17431
17430
17429
17428
17426
17425
17420
17419
17417
17414
17413
17412
17411
17410
17409
17408
17407
17405
17404
17403
17402
17401
17400
17399
17397
17395
17394
17393
17391
17390
17388
17387
17386
17383
17382
17378
17377
17376
17375
17374
17373
17372
17371
17370
17368
17367
17365
17364
17363
17362
17359
17358
17357
17356
17355
17354
17352
17351
17350
17349
17348
17346
17345
17344
17343
17342
17341
17340
17339
17338
17337
17336
17335
17334
17332
17330
17329
17328
17327
17326
17324
17323
17322
17321
17320
17318
17312
17311
17310
17308
17307
17304
17300
17295
17292
17289
17284
17283
17277
17276
17275
17274
17273
17261
17259
17256
17253
17252
17249
17246
17245
17241
17240
17235
17234
17233
17230
17227
17226
17224
17223
17222
17219
17210
17209
17208
17204
17199
17196
17192
17191
17190
17189
17188
17186
17182
17181
17179
17178
17176
17175
17174
17173
17170
17166
17165
17163
17159
17149
17146
17142
17139
17138
17124
17120
17119
17116
17115
17113
17111
17109
17108
17107
17106
17103
17102
17101
17100
17097
17093
17091
17090
17089
17087
17086
17083
17082
17081
17075
17074
17071
17068
17067
17062
17059
17056
17055
17053
17052
17051
17050
17049
17048
17047
17042
17041
17040
17039
17034
17033
17032
17031
17028
17025
17023
17022
17020
17019
17018
17017
17015
17010
17009
17007
17003
17002
17000
16997
16993
16992
16986
16985
16983
16979
16976
16974
16973
16967
16965
16962
16960
16958
16957
16955
16949
16947
16946
16945
16943
16942
16940
16939
16937
16935
16933
16932
16926
16923
16920
16918
16917
16914
16913
16912
16910
16906
16905
16902
16900
16899
16894
16892
16891
16888
16885
16879
16877
16872
16871
16870
16869
16867
16863
16862
16859
16852
16849
16848
16846
16845
16837
16834
16832
16830
16829
16828
16827
16825
16820
16819
16818
16817
16815
16814
16813
16811
16810
16809
16808
16806
16803
16802
16801
16799
16798
16794
16792
16791
16790
16789
16788
16787
16779
16777
16776
16775
16772
16771
16770
16766
16765
16761
16760
16755
16754
16753
16752
16751
16750
16744
16741
16738
16736
16735
16731
16730
16729
16727
16723
16717
16716
16709
16688
16681
16677
16674
16672
16671
16665
16656
16655
16653
16652
16651
16649
16642
16641
16640
16638
16637
16634
16633
16632
16629
16626
16622
16621
16619
16618
16617
16616
16612
16611
16606
16605
16604
16603
16601
16598
16596
16593
16592
16589
16587
16583
16582
16580
16578
16576
16575
16568
16565
16564
16563
16560
16558
16556
16553
16551
16549
16547
16542
16541
16539
16534
16532
16531
16529
16527
16526
16523
16517
16516
16512
16510
16508
16504
16499
16493
16489
16487
16486
16481
16480
16479
16476
16475
16471
16468
16465
16463
16461
16458
16457
16456
16455
16453
16451
16447
16440
16439
16438
16436
16435
16434
16431
16426
16421
16420
16414
16413
16412
16411
16409
16407
16406
16404
16402
16398
16387
16384
16383
16381
16380
16377
16373
16372
16371
16370
16367
16366
16363
16362
16360
16359
16358
16357
16356
16355
16353
16352
16349
16348
16347
16344
16340
16337
16336
16335
16334
16333
16331
16330
16329
16328
16326
16325
16324
16323
16322
16321
16319
16318
16317
16314
16313
16312
16311
16310
16309
16307
16306
16305
16304
16303
16302
16301
16300
16296
16290
16285
16279
16278
16276
16275
16273
16271
16270
16268
16265
16261
16259
16256
16255
16251
16249
16246
16245
16244
16243
16242
16241
16240
16239
16238
16237
16236
16235
16234
16233
16230
16229
16227
16226
16225
16224
16223
16221
16213
16212
16210
16208
16207
16206
16204
16203
16202
16201
16200
16199
16198
16197
16196
16194
16190
16188
16183
16181
16179
16176
16173
16169
16168
16167
16166
16165
16159
16157
16154
16151
16150
16149
16148
16146
16143
16140
16139
16137
16136
16131
16130
16129
16128
16127
16126
16125
16120
16119
16118
16117
16115
16114
16113
16112
16108
16105
16104
16098
16097
16095
16090
16089
16088
16086
16084
16079
16077
16075
16074
16073
16072
16068
16065
16064
16063
16061
16060
16059
16058
16057
16056
16054
16053
16052
16051
16050
16047
16046
16045
16044
16043
16042
16041
16039
16038
16035
16034
16032
16031
16029
16028
16027
16026
16022
16021
16020
16019
16017
16016
16015
16014
16011
16010
16008
16007
16005
16004
16003
16002
16001
16000
15997
15996
15994
15993
15992
15991
15988
15987
15986
15983
15977
15973
15972
15968
15967
15965
15963
15961
15960
15958
15954
15952
15950
15946
15943
15941
15939
15933
15932
15931
15929
15928
15915
15904
15901
15900
15898
15897
15896
15895
15894
15893
15892
15891
15890
15887
15886
15884
15883
15874
15873
15870
15868
15867
15865
15864
15860
15854
15851
15849
15847
15845
15839
15838
15837
15836
15835
15834
15832
15830
15829
15828
15826
15824
15823
15819
15818
15816
15812
15810
15809
15807
15805
15799
15798
15797
15796
15794
15790
15789
15788
15786
15783
15782
15780
15779
15776
15773
15771
15770
15769
15766
15760
15758
15757
15753
15750
15746
15743
15738
15736
15735
15734
15732
15730
15727
15723
15722
15720
15719
15718
15716
15714
15711
15706
15704
15701
15699
15697
15694
15692
15691
15690
15685
15683
15682
15680
15678
15677
15676
15675
15669
15668
15664
15659
15658
15655
15650
15648
15647
15646
15645
15644
15642
15641
15639
15637
15636
15635
15634
15633
15632
15631
15630
15629
15627
15622
15620
15619
15618
15617
15616
15615
15614
15607
15606
15601
15599
15593
15592
15589
15584
15583
15581
15580
15579
15576
15575
15570
15568
15566
15564
15563
15562
15561
15556
15555
15549
15547
15544
15542
15541
15538
15537
15534
15532
15531
15528
15526
15525
15522
15518
15516
15515
15509
15507
15505
15504
15503
15501
15500
15499
15497
15491
15486
15485
15484
15483
15481
15480
15477
15474
15473
15472
15470
15469
15467
15466
15464
15463
15462
15461
15460
15458
15457
15456
15455
15451
15449
15448
15447
15445
15442
15440
15439
15437
15436
15427
15415
15414
15413
15412
15408
15407
15406
15404
15403
15401
15400
15399
15398
15397
15395
15394
15393
15384
15383
15380
15379
15374
15373
15372
15370
15368
15367
15366
15363
15358
15356
15355
15354
15353
15349
15348
15346
15345
15342
15341
15340
15338
15336
15334
15329
15328
15327
15326
15324
15322
15318
15317
15316
15313
15311
15310
15309
15308
15307
15306
15303
15301
15300
15298
15297
15296
15294
15292
15291
15289
15286
15285
15284
15283
15282
15281
15279
15277
15276
15274
15273
15271
15269
15267
15266
15264
15263
15262
15261
15260
15256
15255
15253
15251
15250
15249
15247
15246
15245
15243
15241
15238
15234
15229
15224
15218
15212
15211
15208
15207
15206
15197
15196
15184
15182
15180
15179
15178
15177
15174
15169
15168
15166
15165
15164
15163
15162
15161
15158
15155
15154
15152
15147
15146
15143
15142
15141
15140
15135
15133
15130
15128
15127
15126
15124
15123
15121
15120
15117
15116
15115
15114
15113
15111
15109
15108
15107
15103
15101
15100
15098
15096
15095
15094
15093
15092
15087
15086
15085
15082
15081
15079
15078
15077
15076
15074
15073
15070
15065
15064
15062
15060
15059
15058
15057
15056
15055
15054
15053
15051
15049
15047
15040
15039
15038
15035
15034
15033
15030
15029
15027
15025
15021
15019
15012
15011
15007
15006
15005
15004
15000
14994
14993
14991
14990
14988
14987
14985
14983
14978
14976
14975
14974
14972
14970
14968
14966
14960
14958
14957
14955
14954
14948
14946
14945
14942
14937
14931
14929
14928
14927
14926
14925
14922
14921
14919
14917
14914
14913
14912
14911
14910
14909
14908
14906
14903
14902
14899
14893
14892
14891
14890
14889
14888
14881
14879
14878
14875
14874
14872
14869
14868
14867
14866
14864
14860
14859
14858
14857
14856
14854
14851
14849
14844
